#include "stdafx.h"
#include "colorspaceConvert.h"


struct ChromaticityCoordinates_Lite_ST CIE1931_X2_CC_DATA[471]=
{
	
		{360, 0.175560, 0.005294, 0.819146},
		{361, 0.175483, 0.005286, 0.819231},
		{362, 0.175400, 0.005279, 0.819321},
		{363, 0.175317, 0.005271, 0.819412},
		{364, 0.175237, 0.005263, 0.819500},
		{365, 0.175161, 0.005256, 0.819582},
		{366, 0.175088, 0.005247, 0.819665},
		{367, 0.175015, 0.005236, 0.819749},
		{368, 0.174945, 0.005226, 0.819829},
		{369, 0.174880, 0.005221, 0.819899},
		{370, 0.174821, 0.005221, 0.819959},
		{371, 0.174770, 0.005229, 0.820001},
		{372, 0.174722, 0.005238, 0.820040},
		{373, 0.174665, 0.005236, 0.820098},
		{374, 0.174595, 0.005218, 0.820187},
		{375, 0.174510, 0.005182, 0.820309},
		{376, 0.174409, 0.005127, 0.820464},
		{377, 0.174308, 0.005068, 0.820624},
		{378, 0.174222, 0.005017, 0.820761},
		{379, 0.174156, 0.004981, 0.820863},
		{380, 0.174112, 0.004964, 0.820924},
		{381, 0.174088, 0.004964, 0.820948},
		{382, 0.174073, 0.004973, 0.820955},
		{383, 0.174057, 0.004982, 0.820961},
		{384, 0.174036, 0.004986, 0.820978},
		{385, 0.174008, 0.004981, 0.821012},
		{386, 0.173972, 0.004964, 0.821064},
		{387, 0.173932, 0.004943, 0.821125},
		{388, 0.173889, 0.004926, 0.821185},
		{389, 0.173845, 0.004916, 0.821239},
		{390, 0.173801, 0.004915, 0.821284},
		{391, 0.173754, 0.004925, 0.821321},
		{392, 0.173705, 0.004937, 0.821358},
		{393, 0.173655, 0.004944, 0.821401},
		{394, 0.173606, 0.004940, 0.821454},
		{395, 0.173560, 0.004923, 0.821517},
		{396, 0.173514, 0.004895, 0.821590},
		{397, 0.173468, 0.004865, 0.821667},
		{398, 0.173424, 0.004836, 0.821740},
		{399, 0.173380, 0.004813, 0.821807},
		{400, 0.173337, 0.004797, 0.821866},
		{401, 0.173291, 0.004786, 0.821923},
		{402, 0.173238, 0.004779, 0.821983},
		{403, 0.173174, 0.004775, 0.822051},
		{404, 0.173101, 0.004774, 0.822125},
		{405, 0.173021, 0.004775, 0.822204},
		{406, 0.172934, 0.004781, 0.822285},
		{407, 0.172843, 0.004791, 0.822366},
		{408, 0.172751, 0.004799, 0.822450},
		{409, 0.172662, 0.004802, 0.822536},
		{410, 0.172577, 0.004799, 0.822624},
		{411, 0.172489, 0.004795, 0.822715},
		{412, 0.172396, 0.004796, 0.822808},
		{413, 0.172296, 0.004803, 0.822901},
		{414, 0.172192, 0.004815, 0.822993},
		{415, 0.172087, 0.004833, 0.823081},
		{416, 0.171982, 0.004855, 0.823163},
		{417, 0.171871, 0.004889, 0.823240},
		{418, 0.171741, 0.004939, 0.823319},
		{419, 0.171587, 0.005010, 0.823402},
		{420, 0.171407, 0.005102, 0.823490},
		{421, 0.171206, 0.005211, 0.823583},
		{422, 0.170993, 0.005334, 0.823674},
		{423, 0.170771, 0.005470, 0.823759},
		{424, 0.170541, 0.005621, 0.823838},
		{425, 0.170301, 0.005789, 0.823911},
		{426, 0.170050, 0.005974, 0.823976},
		{427, 0.169786, 0.006177, 0.824037},
		{428, 0.169505, 0.006398, 0.824097},
		{429, 0.169203, 0.006639, 0.824158},
		{430, 0.168878, 0.006900, 0.824222},
		{431, 0.168525, 0.007184, 0.824291},
		{432, 0.168146, 0.007491, 0.824363},
		{433, 0.167746, 0.007821, 0.824433},
		{434, 0.167328, 0.008175, 0.824496},
		{435, 0.166895, 0.008556, 0.824549},
		{436, 0.166446, 0.008964, 0.824589},
		{437, 0.165977, 0.009402, 0.824622},
		{438, 0.165483, 0.009865, 0.824652},
		{439, 0.164963, 0.010351, 0.824687},
		{440, 0.164412, 0.010858, 0.824731},
		{441, 0.163828, 0.011385, 0.824787},
		{442, 0.163210, 0.011937, 0.824853},
		{443, 0.162552, 0.012520, 0.824928},
		{444, 0.161851, 0.013137, 0.825011},
		{445, 0.161105, 0.013793, 0.825102},
		{446, 0.160310, 0.014491, 0.825199},
		{447, 0.159466, 0.015232, 0.825302},
		{448, 0.158573, 0.016015, 0.825412},
		{449, 0.157631, 0.016840, 0.825529},
		{450, 0.156641, 0.017705, 0.825654},
		{451, 0.155605, 0.018609, 0.825786},
		{452, 0.154525, 0.019556, 0.825920},
		{453, 0.153397, 0.020554, 0.826049},
		{454, 0.152219, 0.021612, 0.826169},
		{455, 0.150985, 0.022740, 0.826274},
		{456, 0.149691, 0.023950, 0.826359},
		{457, 0.148337, 0.025247, 0.826416},
		{458, 0.146928, 0.026635, 0.826437},
		{459, 0.145468, 0.028118, 0.826413},
		{460, 0.143960, 0.029703, 0.826337},
		{461, 0.142405, 0.031394, 0.826201},
		{462, 0.140796, 0.033213, 0.825991},
		{463, 0.139121, 0.035201, 0.825679},
		{464, 0.137364, 0.037403, 0.825233},
		{465, 0.135503, 0.039879, 0.824618},
		{466, 0.133509, 0.042692, 0.823798},
		{467, 0.131371, 0.045876, 0.822753},
		{468, 0.129086, 0.049450, 0.821464},
		{469, 0.126662, 0.053426, 0.819912},
		{470, 0.124118, 0.057803, 0.818079},
		{471, 0.121469, 0.062588, 0.815944},
		{472, 0.118701, 0.067830, 0.813468},
		{473, 0.115807, 0.073581, 0.810612},
		{474, 0.112776, 0.079896, 0.807328},
		{475, 0.109594, 0.086843, 0.803563},
		{476, 0.106261, 0.094486, 0.799253},
		{477, 0.102776, 0.102864, 0.794360},
		{478, 0.099128, 0.112007, 0.788865},
		{479, 0.095304, 0.121945, 0.782751},
		{480, 0.091294, 0.132702, 0.776004},
		{481, 0.087082, 0.144317, 0.768601},
		{482, 0.082680, 0.156866, 0.760455},
		{483, 0.078116, 0.170420, 0.751464},
		{484, 0.073437, 0.185032, 0.741531},
		{485, 0.068706, 0.200723, 0.730571},
		{486, 0.063993, 0.217468, 0.718539},
		{487, 0.059316, 0.235254, 0.705430},
		{488, 0.054667, 0.254096, 0.691238},
		{489, 0.050031, 0.274002, 0.675967},
		{490, 0.045391, 0.294976, 0.659633},
		{491, 0.040757, 0.316981, 0.642262},
		{492, 0.036195, 0.339900, 0.623905},
		{493, 0.031756, 0.363598, 0.604646},
		{494, 0.027494, 0.387921, 0.584584},
		{495, 0.023460, 0.412703, 0.563837},
		{496, 0.019705, 0.437756, 0.542539},
		{497, 0.016268, 0.462955, 0.520777},
		{498, 0.013183, 0.488207, 0.498610},
		{499, 0.010476, 0.513404, 0.476120},
		{500, 0.008168, 0.538423, 0.453409},
		{501, 0.006285, 0.563068, 0.430647},
		{502, 0.004875, 0.587116, 0.408008},
		{503, 0.003982, 0.610447, 0.385570},
		{504, 0.003636, 0.633011, 0.363352},
		{505, 0.003859, 0.654823, 0.341318},
		{506, 0.004646, 0.675898, 0.319456},
		{507, 0.006011, 0.696120, 0.297869},
		{508, 0.007988, 0.715342, 0.276670},
		{509, 0.010603, 0.733413, 0.255984},
		{510, 0.013870, 0.750186, 0.235943},
		{511, 0.017766, 0.765612, 0.216622},
		{512, 0.022244, 0.779630, 0.198126},
		{513, 0.027273, 0.792104, 0.180623},
		{514, 0.032820, 0.802926, 0.164254},
		{515, 0.038852, 0.812016, 0.149132},
		{516, 0.045328, 0.819391, 0.135281},
		{517, 0.052177, 0.825164, 0.122660},
		{518, 0.059326, 0.829426, 0.111249},
		{519, 0.066716, 0.832274, 0.101010},
		{520, 0.074302, 0.833803, 0.091894},
		{521, 0.082053, 0.834090, 0.083856},
		{522, 0.089942, 0.833289, 0.076769},
		{523, 0.097940, 0.831593, 0.070468},
		{524, 0.106021, 0.829178, 0.064801},
		{525, 0.114161, 0.826207, 0.059632},
		{526, 0.122347, 0.822770, 0.054882},
		{527, 0.130546, 0.818928, 0.050526},
		{528, 0.138702, 0.814774, 0.046523},
		{529, 0.146773, 0.810395, 0.042832},
		{530, 0.154722, 0.805864, 0.039414},
		{531, 0.162535, 0.801238, 0.036226},
		{532, 0.170237, 0.796519, 0.033244},
		{533, 0.177850, 0.791687, 0.030464},
		{534, 0.185391, 0.786728, 0.027881},
		{535, 0.192876, 0.781629, 0.025495},
		{536, 0.200309, 0.776399, 0.023292},
		{537, 0.207690, 0.771055, 0.021255},
		{538, 0.215030, 0.765595, 0.019375},
		{539, 0.222337, 0.760020, 0.017643},
		{540, 0.229620, 0.754329, 0.016051},
		{541, 0.236885, 0.748524, 0.014591},
		{542, 0.244133, 0.742614, 0.013253},
		{543, 0.251363, 0.736606, 0.012031},
		{544, 0.258578, 0.730507, 0.010916},
		{545, 0.265775, 0.724324, 0.009901},
		{546, 0.272958, 0.718062, 0.008980},
		{547, 0.280129, 0.711725, 0.008146},
		{548, 0.287292, 0.705316, 0.007391},
		{549, 0.294450, 0.698842, 0.006708},
		{550, 0.301604, 0.692308, 0.006088},
		{551, 0.308760, 0.685712, 0.005528},
		{552, 0.315914, 0.679063, 0.005022},
		{553, 0.323066, 0.672367, 0.004566},
		{554, 0.330216, 0.665628, 0.004156},
		{555, 0.337363, 0.658848, 0.003788},
		{556, 0.344513, 0.652028, 0.003459},
		{557, 0.351664, 0.645172, 0.003163},
		{558, 0.358814, 0.638287, 0.002899},
		{559, 0.365959, 0.631379, 0.002662},
		{560, 0.373102, 0.624451, 0.002448},
		{561, 0.380244, 0.617502, 0.002254},
		{562, 0.387379, 0.610542, 0.002079},
		{563, 0.394507, 0.603571, 0.001922},
		{564, 0.401626, 0.596592, 0.001782},
		{565, 0.408736, 0.589607, 0.001657},
		{566, 0.415836, 0.582618, 0.001546},
		{567, 0.422921, 0.575631, 0.001448},
		{568, 0.429989, 0.568649, 0.001362},
		{569, 0.437036, 0.561676, 0.001288},
		{570, 0.444062, 0.554714, 0.001224},
		{571, 0.451065, 0.547766, 0.001169},
		{572, 0.458041, 0.540837, 0.001123},
		{573, 0.464986, 0.533930, 0.001084},
		{574, 0.471899, 0.527051, 0.001051},
		{575, 0.478775, 0.520202, 0.001023},
		{576, 0.485612, 0.513389, 0.001000},
		{577, 0.492405, 0.506615, 0.000980},
		{578, 0.499151, 0.499887, 0.000962},
		{579, 0.505845, 0.493211, 0.000944},
		{580, 0.512486, 0.486591, 0.000923},
		{581, 0.519073, 0.480029, 0.000899},
		{582, 0.525600, 0.473527, 0.000872},
		{583, 0.532066, 0.467091, 0.000843},
		{584, 0.538463, 0.460725, 0.000812},
		{585, 0.544787, 0.454434, 0.000779},
		{586, 0.551031, 0.448225, 0.000744},
		{587, 0.557193, 0.442099, 0.000708},
		{588, 0.563269, 0.436058, 0.000673},
		{589, 0.569257, 0.430102, 0.000641},
		{590, 0.575151, 0.424232, 0.000616},
		{591, 0.580953, 0.418447, 0.000601},
		{592, 0.586650, 0.412758, 0.000591},
		{593, 0.592225, 0.407190, 0.000586},
		{594, 0.597658, 0.401762, 0.000580},
		{595, 0.602933, 0.396497, 0.000571},
		{596, 0.608035, 0.391409, 0.000556},
		{597, 0.612977, 0.386486, 0.000537},
		{598, 0.617779, 0.381706, 0.000516},
		{599, 0.622459, 0.377047, 0.000493},
		{600, 0.627037, 0.372491, 0.000472},
		{601, 0.631521, 0.368026, 0.000453},
		{602, 0.635900, 0.363665, 0.000435},
		{603, 0.640156, 0.359428, 0.000416},
		{604, 0.644273, 0.355331, 0.000396},
		{605, 0.648233, 0.351395, 0.000372},
		{606, 0.652028, 0.347628, 0.000344},
		{607, 0.655669, 0.344018, 0.000313},
		{608, 0.659166, 0.340553, 0.000281},
		{609, 0.662528, 0.337221, 0.000251},
		{610, 0.665764, 0.334011, 0.000226},
		{611, 0.668874, 0.330919, 0.000207},
		{612, 0.671859, 0.327947, 0.000194},
		{613, 0.674720, 0.325095, 0.000185},
		{614, 0.677459, 0.322362, 0.000179},
		{615, 0.680079, 0.319747, 0.000174},
		{616, 0.682582, 0.317249, 0.000170},
		{617, 0.684971, 0.314863, 0.000167},
		{618, 0.687250, 0.312586, 0.000164},
		{619, 0.689426, 0.310414, 0.000160},
		{620, 0.691504, 0.308342, 0.000154},
		{621, 0.693490, 0.306366, 0.000145},
		{622, 0.695389, 0.304479, 0.000133},
		{623, 0.697206, 0.302675, 0.000119},
		{624, 0.698944, 0.300950, 0.000106},
		{625, 0.700606, 0.299301, 0.000093},
		{626, 0.702193, 0.297725, 0.000083},
		{627, 0.703709, 0.296217, 0.000074},
		{628, 0.705163, 0.294770, 0.000067},
		{629, 0.706563, 0.293376, 0.000061},
		{630, 0.707918, 0.292027, 0.000055},
		{631, 0.709231, 0.290719, 0.000050},
		{632, 0.710500, 0.289453, 0.000047},
		{633, 0.711724, 0.288232, 0.000044},
		{634, 0.712901, 0.287057, 0.000041},
		{635, 0.714032, 0.285929, 0.000040},
		{636, 0.715117, 0.284845, 0.000038},
		{637, 0.716159, 0.283804, 0.000036},
		{638, 0.717159, 0.282806, 0.000035},
		{639, 0.718116, 0.281850, 0.000034},
		{640, 0.719033, 0.280935, 0.000032},
		{641, 0.719912, 0.280058, 0.000030},
		{642, 0.720753, 0.279219, 0.000028},
		{643, 0.721555, 0.278420, 0.000026},
		{644, 0.722315, 0.277662, 0.000023},
		{645, 0.723032, 0.276948, 0.000020},
		{646, 0.723702, 0.276282, 0.000016},
		{647, 0.724328, 0.275660, 0.000012},
		{648, 0.724914, 0.275078, 0.000007},
		{649, 0.725467, 0.274530, 0.000003},
		{650, 0.725992, 0.274008, 0.000000},
		{651, 0.726495, 0.273505, 0.000000},
		{652, 0.726975, 0.273025, 0.000000},
		{653, 0.727432, 0.272568, 0.000000},
		{654, 0.727864, 0.272136, 0.000000},
		{655, 0.728272, 0.271728, 0.000000},
		{656, 0.728656, 0.271344, 0.000000},
		{657, 0.729020, 0.270980, 0.000000},
		{658, 0.729361, 0.270639, 0.000000},
		{659, 0.729678, 0.270322, 0.000000},
		{660, 0.729969, 0.270031, 0.000000},
		{661, 0.730234, 0.269766, 0.000000},
		{662, 0.730474, 0.269526, 0.000000},
		{663, 0.730693, 0.269307, 0.000000},
		{664, 0.730896, 0.269104, 0.000000},
		{665, 0.731089, 0.268911, 0.000000},
		{666, 0.731280, 0.268720, 0.000000},
		{667, 0.731467, 0.268533, 0.000000},
		{668, 0.731650, 0.268350, 0.000000},
		{669, 0.731826, 0.268174, 0.000000},
		{670, 0.731993, 0.268007, 0.000000},
		{671, 0.732150, 0.267850, 0.000000},
		{672, 0.732300, 0.267700, 0.000000},
		{673, 0.732443, 0.267557, 0.000000},
		{674, 0.732581, 0.267419, 0.000000},
		{675, 0.732719, 0.267281, 0.000000},
		{676, 0.732859, 0.267141, 0.000000},
		{677, 0.733000, 0.267000, 0.000000},
		{678, 0.733142, 0.266858, 0.000000},
		{679, 0.733281, 0.266719, 0.000000},
		{680, 0.733417, 0.266583, 0.000000},
		{681, 0.733551, 0.266449, 0.000000},
		{682, 0.733683, 0.266317, 0.000000},
		{683, 0.733813, 0.266187, 0.000000},
		{684, 0.733936, 0.266064, 0.000000},
		{685, 0.734047, 0.265953, 0.000000},
		{686, 0.734143, 0.265857, 0.000000},
		{687, 0.734221, 0.265779, 0.000000},
		{688, 0.734286, 0.265714, 0.000000},
		{689, 0.734341, 0.265659, 0.000000},
		{690, 0.734390, 0.265610, 0.000000},
		{691, 0.734438, 0.265562, 0.000000},
		{692, 0.734482, 0.265518, 0.000000},
		{693, 0.734523, 0.265477, 0.000000},
		{694, 0.734560, 0.265440, 0.000000},
		{695, 0.734592, 0.265408, 0.000000},
		{696, 0.734621, 0.265379, 0.000000},
		{697, 0.734649, 0.265351, 0.000000},
		{698, 0.734673, 0.265327, 0.000000},
		{699, 0.734690, 0.265310, 0.000000},
		{700, 0.734690, 0.265310, 0.000000},
		{701, 0.734690, 0.265310, 0.000000},
		{702, 0.734690, 0.265310, 0.000000},
		{703, 0.734690, 0.265310, 0.000000},
		{704, 0.734690, 0.265310, 0.000000},
		{705, 0.734690, 0.265310, 0.000000},
		{706, 0.734690, 0.265310, 0.000000},
		{707, 0.734690, 0.265310, 0.000000},
		{708, 0.734690, 0.265310, 0.000000},
		{709, 0.734690, 0.265310, 0.000000},
		{710, 0.734690, 0.265310, 0.000000},
		{711, 0.734690, 0.265310, 0.000000},
		{712, 0.734690, 0.265310, 0.000000},
		{713, 0.734690, 0.265310, 0.000000},
		{714, 0.734690, 0.265310, 0.000000},
		{715, 0.734690, 0.265310, 0.000000},
		{716, 0.734690, 0.265310, 0.000000},
		{717, 0.734690, 0.265310, 0.000000},
		{718, 0.734690, 0.265310, 0.000000},
		{719, 0.734690, 0.265310, 0.000000},
		{720, 0.734690, 0.265310, 0.000000},
		{721, 0.734690, 0.265310, 0.000000},
		{722, 0.734690, 0.265310, 0.000000},
		{723, 0.734690, 0.265310, 0.000000},
		{724, 0.734690, 0.265310, 0.000000},
		{725, 0.734690, 0.265310, 0.000000},
		{726, 0.734690, 0.265310, 0.000000},
		{727, 0.734690, 0.265310, 0.000000},
		{728, 0.734690, 0.265310, 0.000000},
		{729, 0.734690, 0.265310, 0.000000},
		{730, 0.734690, 0.265310, 0.000000},
		{731, 0.734690, 0.265310, 0.000000},
		{732, 0.734690, 0.265310, 0.000000},
		{733, 0.734690, 0.265310, 0.000000},
		{734, 0.734690, 0.265310, 0.000000},
		{735, 0.734690, 0.265310, 0.000000},
		{736, 0.734690, 0.265310, 0.000000},
		{737, 0.734690, 0.265310, 0.000000},
		{738, 0.734690, 0.265310, 0.000000},
		{739, 0.734690, 0.265310, 0.000000},
		{740, 0.734690, 0.265310, 0.000000},
		{741, 0.734690, 0.265310, 0.000000},
		{742, 0.734690, 0.265310, 0.000000},
		{743, 0.734690, 0.265310, 0.000000},
		{744, 0.734690, 0.265310, 0.000000},
		{745, 0.734690, 0.265310, 0.000000},
		{746, 0.734690, 0.265310, 0.000000},
		{747, 0.734690, 0.265310, 0.000000},
		{748, 0.734690, 0.265310, 0.000000},
		{749, 0.734690, 0.265310, 0.000000},
		{750, 0.734690, 0.265310, 0.000000},
		{751, 0.734690, 0.265310, 0.000000},
		{752, 0.734690, 0.265310, 0.000000},
		{753, 0.734690, 0.265310, 0.000000},
		{754, 0.734690, 0.265310, 0.000000},
		{755, 0.734690, 0.265310, 0.000000},
		{756, 0.734690, 0.265310, 0.000000},
		{757, 0.734690, 0.265310, 0.000000},
		{758, 0.734690, 0.265310, 0.000000},
		{759, 0.734690, 0.265310, 0.000000},
		{760, 0.734690, 0.265310, 0.000000},
		{761, 0.734690, 0.265310, 0.000000},
		{762, 0.734690, 0.265310, 0.000000},
		{763, 0.734690, 0.265310, 0.000000},
		{764, 0.734690, 0.265310, 0.000000},
		{765, 0.734690, 0.265310, 0.000000},
		{766, 0.734690, 0.265310, 0.000000},
		{767, 0.734690, 0.265310, 0.000000},
		{768, 0.734690, 0.265310, 0.000000},
		{769, 0.734690, 0.265310, 0.000000},
		{770, 0.734690, 0.265310, 0.000000},
		{771, 0.734690, 0.265310, 0.000000},
		{772, 0.734690, 0.265310, 0.000000},
		{773, 0.734690, 0.265310, 0.000000},
		{774, 0.734690, 0.265310, 0.000000},
		{775, 0.734690, 0.265310, 0.000000},
		{776, 0.734690, 0.265310, 0.000000},
		{777, 0.734690, 0.265310, 0.000000},
		{778, 0.734690, 0.265310, 0.000000},
		{779, 0.734690, 0.265310, 0.000000},
		{780, 0.734690, 0.265310, 0.000000},
		{781, 0.734690, 0.265310, 0.000000},
		{782, 0.734690, 0.265310, 0.000000},
		{783, 0.734690, 0.265310, 0.000000},
		{784, 0.734690, 0.265310, 0.000000},
		{785, 0.734690, 0.265310, 0.000000},
		{786, 0.734690, 0.265310, 0.000000},
		{787, 0.734690, 0.265310, 0.000000},
		{788, 0.734690, 0.265310, 0.000000},
		{789, 0.734690, 0.265310, 0.000000},
		{790, 0.734690, 0.265310, 0.000000},
		{791, 0.734690, 0.265310, 0.000000},
		{792, 0.734690, 0.265310, 0.000000},
		{793, 0.734690, 0.265310, 0.000000},
		{794, 0.734690, 0.265310, 0.000000},
		{795, 0.734690, 0.265310, 0.000000},
		{796, 0.734690, 0.265310, 0.000000},
		{797, 0.734690, 0.265310, 0.000000},
		{798, 0.734690, 0.265310, 0.000000},
		{799, 0.734690, 0.265310, 0.000000},
		{800, 0.734690, 0.265310, 0.000000},
		{801, 0.734690, 0.265310, 0.000000},
		{802, 0.734690, 0.265310, 0.000000},
		{803, 0.734690, 0.265310, 0.000000},
		{804, 0.734690, 0.265310, 0.000000},
		{805, 0.734690, 0.265310, 0.000000},
		{806, 0.734690, 0.265310, 0.000000},
		{807, 0.734690, 0.265310, 0.000000},
		{808, 0.734690, 0.265310, 0.000000},
		{809, 0.734690, 0.265310, 0.000000},
		{810, 0.734690, 0.265310, 0.000000},
		{811, 0.734690, 0.265310, 0.000000},
		{812, 0.734690, 0.265310, 0.000000},
		{813, 0.734690, 0.265310, 0.000000},
		{814, 0.734690, 0.265310, 0.000000},
		{815, 0.734690, 0.265310, 0.000000},
		{816, 0.734690, 0.265310, 0.000000},
		{817, 0.734690, 0.265310, 0.000000},
		{818, 0.734690, 0.265310, 0.000000},
		{819, 0.734690, 0.265310, 0.000000},
		{820, 0.734690, 0.265310, 0.000000},
		{821, 0.734690, 0.265310, 0.000000},
		{822, 0.734690, 0.265310, 0.000000},
		{823, 0.734690, 0.265310, 0.000000},
		{824, 0.734690, 0.265310, 0.000000},
		{825, 0.734690, 0.265310, 0.000000},
		{826, 0.734690, 0.265310, 0.000000},
		{827, 0.734690, 0.265310, 0.000000},
		{828, 0.734690, 0.265310, 0.000000},
		{829, 0.734690, 0.265310, 0.000000},
		{830, 0.734690, 0.265310, 0.000000},
	
};


struct ChromaticityCoordinates_Lite_ST CIE1964_X10_CC_DATA[471]=
{
		
		{360, 0.182218, 0.019978, 0.797804},
		{361, 0.182195, 0.019971, 0.797833},
		{362, 0.182172, 0.019966, 0.797862},
		{363, 0.182149, 0.019957, 0.797893},
		{364, 0.182124, 0.019947, 0.797929},
		{365, 0.182098, 0.019938, 0.797964},
		{366, 0.182069, 0.019928, 0.798003},
		{367, 0.182037, 0.019918, 0.798045},
		{368, 0.182003, 0.019908, 0.798089},
		{369, 0.181962, 0.019895, 0.798142},
		{370, 0.181923, 0.019879, 0.798198},
		{371, 0.181882, 0.019861, 0.798257},
		{372, 0.181830, 0.019850, 0.798320},
		{373, 0.181780, 0.019833, 0.798387},
		{374, 0.181727, 0.019811, 0.798462},
		{375, 0.181671, 0.019797, 0.798532},
		{376, 0.181612, 0.019778, 0.798610},
		{377, 0.181551, 0.019756, 0.798692},
		{378, 0.181482, 0.019735, 0.798783},
		{379, 0.181411, 0.019711, 0.798878},
		{380, 0.181333, 0.019685, 0.798982},
		{381, 0.181252, 0.019658, 0.799090},
		{382, 0.181171, 0.019630, 0.799198},
		{383, 0.181086, 0.019602, 0.799312},
		{384, 0.180997, 0.019572, 0.799430},
		{385, 0.180906, 0.019542, 0.799552},
		{386, 0.180801, 0.019513, 0.799686},
		{387, 0.180696, 0.019475, 0.799830},
		{388, 0.180578, 0.019434, 0.799988},
		{389, 0.180449, 0.019392, 0.800158},
		{390, 0.180313, 0.019348, 0.800339},
		{391, 0.180159, 0.019289, 0.800552},
		{392, 0.180000, 0.019241, 0.800759},
		{393, 0.179830, 0.019177, 0.800993},
		{394, 0.179651, 0.019112, 0.801238},
		{395, 0.179466, 0.019044, 0.801491},
		{396, 0.179271, 0.018969, 0.801760},
		{397, 0.179064, 0.018906, 0.802030},
		{398, 0.178849, 0.018839, 0.802312},
		{399, 0.178620, 0.018771, 0.802609},
		{400, 0.178387, 0.018711, 0.802902},
		{401, 0.178151, 0.018653, 0.803196},
		{402, 0.177899, 0.018586, 0.803514},
		{403, 0.177649, 0.018525, 0.803827},
		{404, 0.177389, 0.018463, 0.804148},
		{405, 0.177122, 0.018402, 0.804476},
		{406, 0.176840, 0.018341, 0.804818},
		{407, 0.176530, 0.018291, 0.805179},
		{408, 0.176209, 0.018232, 0.805559},
		{409, 0.175861, 0.018181, 0.805958},
		{410, 0.175488, 0.018134, 0.806378},
		{411, 0.175085, 0.018083, 0.806832},
		{412, 0.174654, 0.018017, 0.807328},
		{413, 0.174199, 0.017943, 0.807858},
		{414, 0.173723, 0.017870, 0.808406},
		{415, 0.173231, 0.017806, 0.808963},
		{416, 0.172723, 0.017756, 0.809521},
		{417, 0.172208, 0.017724, 0.810068},
		{418, 0.171684, 0.017727, 0.810589},
		{419, 0.171159, 0.017766, 0.811075},
		{420, 0.170634, 0.017849, 0.811517},
		{421, 0.170100, 0.017969, 0.811931},
		{422, 0.169568, 0.018114, 0.812318},
		{423, 0.169020, 0.018284, 0.812696},
		{424, 0.168462, 0.018480, 0.813058},
		{425, 0.167902, 0.018708, 0.813390},
		{426, 0.167333, 0.018968, 0.813698},
		{427, 0.166762, 0.019246, 0.813992},
		{428, 0.166186, 0.019560, 0.814254},
		{429, 0.165607, 0.019911, 0.814483},
		{430, 0.165027, 0.020283, 0.814690},
		{431, 0.164451, 0.020682, 0.814867},
		{432, 0.163883, 0.021099, 0.815018},
		{433, 0.163318, 0.021528, 0.815153},
		{434, 0.162751, 0.021990, 0.815259},
		{435, 0.162170, 0.022487, 0.815343},
		{436, 0.161589, 0.023024, 0.815387},
		{437, 0.160984, 0.023610, 0.815406},
		{438, 0.160358, 0.024251, 0.815391},
		{439, 0.159706, 0.024954, 0.815340},
		{440, 0.159022, 0.025725, 0.815253},
		{441, 0.158320, 0.026530, 0.815150},
		{442, 0.157612, 0.027342, 0.815046},
		{443, 0.156892, 0.028181, 0.814927},
		{444, 0.156153, 0.029066, 0.814780},
		{445, 0.155391, 0.030017, 0.814592},
		{446, 0.154598, 0.031053, 0.814349},
		{447, 0.153769, 0.032194, 0.814037},
		{448, 0.152897, 0.033459, 0.813644},
		{449, 0.151977, 0.034861, 0.813161},
		{450, 0.151001, 0.036439, 0.812560},
		{451, 0.150010, 0.038086, 0.811904},
		{452, 0.149031, 0.039740, 0.811229},
		{453, 0.148043, 0.041448, 0.810509},
		{454, 0.147021, 0.043258, 0.809721},
		{455, 0.145945, 0.045217, 0.808838},
		{456, 0.144788, 0.047373, 0.807839},
		{457, 0.143530, 0.049770, 0.806700},
		{458, 0.142149, 0.052467, 0.805384},
		{459, 0.140620, 0.055500, 0.803880},
		{460, 0.138922, 0.058920, 0.802158},
		{461, 0.137143, 0.062497, 0.800360},
		{462, 0.135380, 0.066053, 0.798567},
		{463, 0.133564, 0.069716, 0.796721},
		{464, 0.131628, 0.073612, 0.794760},
		{465, 0.129520, 0.077870, 0.792610},
		{466, 0.127184, 0.082616, 0.790199},
		{467, 0.124602, 0.087978, 0.787420},
		{468, 0.121766, 0.094084, 0.784150},
		{469, 0.118589, 0.101061, 0.780350},
		{470, 0.115180, 0.109040, 0.775780},
		{471, 0.111711, 0.117809, 0.770480},
		{472, 0.108041, 0.127140, 0.764820},
		{473, 0.104128, 0.137089, 0.758783},
		{474, 0.100014, 0.147718, 0.752268},
		{475, 0.095732, 0.159090, 0.745178},
		{476, 0.091311, 0.171265, 0.737424},
		{477, 0.086777, 0.184300, 0.728924},
		{478, 0.082157, 0.198274, 0.719569},
		{479, 0.077482, 0.213231, 0.709287},
		{480, 0.072777, 0.229239, 0.697984},
		{481, 0.067816, 0.246541, 0.685643},
		{482, 0.062437, 0.265234, 0.672329},
		{483, 0.056780, 0.285099, 0.658121},
		{484, 0.050990, 0.305930, 0.643081},
		{485, 0.045194, 0.327537, 0.627269},
		{486, 0.039531, 0.349718, 0.610751},
		{487, 0.034145, 0.372263, 0.593592},
		{488, 0.029166, 0.394980, 0.575853},
		{489, 0.024740, 0.417662, 0.557599},
		{490, 0.020987, 0.440113, 0.538900},
		{491, 0.017705, 0.463082, 0.519212},
		{492, 0.014628, 0.487198, 0.498174},
		{493, 0.011822, 0.512071, 0.476107},
		{494, 0.009358, 0.537309, 0.453333},
		{495, 0.007302, 0.562523, 0.430175},
		{496, 0.005725, 0.587321, 0.406953},
		{497, 0.004697, 0.611313, 0.383990},
		{498, 0.004281, 0.634109, 0.361610},
		{499, 0.004559, 0.655314, 0.340127},
		{500, 0.005586, 0.674543, 0.319871},
		{501, 0.007435, 0.692178, 0.300387},
		{502, 0.010071, 0.708839, 0.281090},
		{503, 0.013411, 0.724485, 0.262103},
		{504, 0.017374, 0.739078, 0.243548},
		{505, 0.021874, 0.752578, 0.225548},
		{506, 0.026828, 0.764952, 0.208220},
		{507, 0.032156, 0.776141, 0.191703},
		{508, 0.037772, 0.786126, 0.176102},
		{509, 0.043598, 0.794857, 0.161545},
		{510, 0.049540, 0.802302, 0.148157},
		{511, 0.055800, 0.808180, 0.136020},
		{512, 0.062554, 0.812377, 0.125068},
		{513, 0.069726, 0.815109, 0.115165},
		{514, 0.077244, 0.816566, 0.106190},
		{515, 0.085024, 0.816976, 0.098000},
		{516, 0.092995, 0.816520, 0.090485},
		{517, 0.101079, 0.815409, 0.083511},
		{518, 0.109199, 0.813848, 0.076953},
		{519, 0.117276, 0.812043, 0.070681},
		{520, 0.125236, 0.810194, 0.064569},
		{521, 0.133216, 0.807952, 0.058832},
		{522, 0.141380, 0.804898, 0.053722},
		{523, 0.149651, 0.801183, 0.049166},
		{524, 0.158017, 0.796891, 0.045091},
		{525, 0.166408, 0.792172, 0.041421},
		{526, 0.174775, 0.787131, 0.038094},
		{527, 0.183074, 0.781897, 0.035030},
		{528, 0.191260, 0.776595, 0.032144},
		{529, 0.199260, 0.771359, 0.029381},
		{530, 0.207057, 0.766282, 0.026661},
		{531, 0.214640, 0.761260, 0.024100},
		{532, 0.222066, 0.756094, 0.021839},
		{533, 0.229362, 0.750797, 0.019841},
		{534, 0.236550, 0.745380, 0.018070},
		{535, 0.243642, 0.739873, 0.016486},
		{536, 0.250670, 0.734269, 0.015060},
		{537, 0.257660, 0.728601, 0.013739},
		{538, 0.264627, 0.722872, 0.012501},
		{539, 0.271596, 0.717100, 0.011304},
		{540, 0.278588, 0.711300, 0.010112},
		{541, 0.285581, 0.705445, 0.008974},
		{542, 0.292539, 0.699506, 0.007955},
		{543, 0.299468, 0.693488, 0.007044},
		{544, 0.306360, 0.687413, 0.006227},
		{545, 0.313230, 0.681278, 0.005492},
		{546, 0.320079, 0.675100, 0.004821},
		{547, 0.326904, 0.668877, 0.004219},
		{548, 0.333714, 0.662630, 0.003656},
		{549, 0.340511, 0.656364, 0.003125},
		{550, 0.347296, 0.650090, 0.002614},
		{551, 0.354082, 0.643787, 0.002131},
		{552, 0.360869, 0.637436, 0.001695},
		{553, 0.367651, 0.631043, 0.001306},
		{554, 0.374420, 0.624621, 0.000959},
		{555, 0.381161, 0.618164, 0.000675},
		{556, 0.387871, 0.611694, 0.000435},
		{557, 0.394540, 0.605214, 0.000246},
		{558, 0.401160, 0.598730, 0.000110},
		{559, 0.407720, 0.592252, 0.000028},
		{560, 0.414213, 0.585787, 0.000000 },
		{561, 0.420698, 0.579302, 0.000000 },
		{562, 0.427229, 0.572771, 0.000000},
		{563, 0.433789, 0.566211, 0.000000},
		{564, 0.440360, 0.559640, 0.000000},
		{565, 0.446924, 0.553076, 0.000000},
		{566, 0.453464, 0.546536, 0.000000},
		{567, 0.459963, 0.540037, 0.000000},
		{568, 0.466404, 0.533596, 0.000000},
		{569, 0.472768, 0.527232, 0.000000},
		{570, 0.479038, 0.520962, 0.000000},
		{571, 0.485242, 0.514758, 0.000000},
		{572, 0.491413, 0.508587, 0.000000},
		{573, 0.497542, 0.502458, 0.000000},
		{574, 0.503620, 0.496380, 0.000000},
		{575, 0.509641, 0.490359, 0.000000},
		{576, 0.515594, 0.484406, 0.000000},
		{577, 0.521471, 0.478529, 0.000000},
		{578, 0.527264, 0.472736, 0.000000},
		{579, 0.532960, 0.467040, 0.000000},
		{580, 0.538560, 0.461440, 0.000000},
		{581, 0.544082, 0.455918, 0.000000},
		{582, 0.549537, 0.450463, 0.000000},
		{583, 0.554921, 0.445079, 0.000000},
		{584, 0.560219, 0.439781, 0.000000},
		{585, 0.565444, 0.434556, 0.000000},
		{586, 0.570568, 0.429432, 0.000000},
		{587, 0.575590, 0.424410, 0.000000},
		{588, 0.580502, 0.419498, 0.000000},
		{589, 0.585296, 0.414704, 0.000000},
		{590, 0.589960, 0.410040, 0.000000},
		{591, 0.594512, 0.405488, 0.000000},
		{592, 0.598946, 0.401054, 0.000000},
		{593, 0.603271, 0.396729, 0.000000},
		{594, 0.607487, 0.392513, 0.000000},
		{595, 0.611597, 0.388403, 0.000000},
		{596, 0.615604, 0.384396, 0.000000},
		{597, 0.619508, 0.380492, 0.000000},
		{598, 0.623312, 0.376688, 0.000000},
		{599, 0.627019, 0.372981, 0.000000},
		{600, 0.630629, 0.369371, 0.000000},
		{601, 0.634137, 0.365863, 0.000000},
		{602, 0.637539, 0.362461, 0.000000},
		{603, 0.640836, 0.359164, 0.000000},
		{604, 0.644031, 0.355969, 0.000000},
		{605, 0.647127, 0.352873, 0.000000},
		{606, 0.650128, 0.349872, 0.000000},
		{607, 0.653035, 0.346965, 0.000000},
		{608, 0.655851, 0.344149, 0.000000},
		{609, 0.658580, 0.341420, 0.000000},
		{610, 0.661224, 0.338776, 0.000000},
		{611, 0.663777, 0.336223, 0.000000},
		{612, 0.666239, 0.333761, 0.000000},
		{613, 0.668600, 0.331400, 0.000000},
		{614, 0.670873, 0.329127, 0.000000},
		{615, 0.673055, 0.326945, 0.000000},
		{616, 0.675148, 0.324852, 0.000000},
		{617, 0.677160, 0.322840, 0.000000},
		{618, 0.679075, 0.320925, 0.000000},
		{619, 0.680911, 0.319089, 0.000000},
		{620, 0.682660, 0.317340, 0.000000},
		{621, 0.684307, 0.315693, 0.000000},
		{622, 0.685819, 0.314181, 0.000000},
		{623, 0.687221, 0.312779, 0.000000},
		{624, 0.688530, 0.311470, 0.000000},
		{625, 0.689759, 0.310241, 0.000000},
		{626, 0.690945, 0.309055, 0.000000},
		{627, 0.692088, 0.307912, 0.000000},
		{628, 0.693213, 0.306787, 0.000000},
		{629, 0.694338, 0.305662, 0.000000},
		{630, 0.695483, 0.304517, 0.000000},
		{631, 0.696632, 0.303368, 0.000000},
		{632, 0.697757, 0.302243, 0.000000},
		{633, 0.698859, 0.301141, 0.000000},
		{634, 0.699936, 0.300064, 0.000000},
		{635, 0.700989, 0.299011, 0.000000},
		{636, 0.702017, 0.297983, 0.000000},
		{637, 0.703019, 0.296981, 0.000000},
		{638, 0.703996, 0.296004, 0.000000},
		{639, 0.704947, 0.295053, 0.000000},
		{640, 0.705873, 0.294127, 0.000000},
		{641, 0.706782, 0.293218, 0.000000},
		{642, 0.707680, 0.292320, 0.000000},
		{643, 0.708561, 0.291439, 0.000000},
		{644, 0.709419, 0.290581, 0.000000},
		{645, 0.710249, 0.289751, 0.000000},
		{646, 0.711040, 0.288960, 0.000000},
		{647, 0.711791, 0.288209, 0.000000},
		{648, 0.712491, 0.287509, 0.000000},
		{649, 0.713132, 0.286868, 0.000000},
		{650, 0.713713, 0.286287, 0.000000},
		{651, 0.714218, 0.285782, 0.000000},
		{652, 0.714652, 0.285348, 0.000000},
		{653, 0.715021, 0.284979, 0.000000},
		{654, 0.715340, 0.284660, 0.000000},
		{655, 0.715619, 0.284381, 0.000000},
		{656, 0.715868, 0.284132, 0.000000},
		{657, 0.716100, 0.283900, 0.000000},
		{658, 0.716323, 0.283677, 0.000000},
		{659, 0.716549, 0.283451, 0.000000},
		{660, 0.716790, 0.283210, 0.000000},
		{661, 0.717034, 0.282966, 0.000000},
		{662, 0.717272, 0.282728, 0.000000},
		{663, 0.717482, 0.282518, 0.000000},
		{664, 0.717692, 0.282308, 0.000000},
		{665, 0.717887, 0.282113, 0.000000},
		{666, 0.718080, 0.281920, 0.000000},
		{667, 0.718252, 0.281748, 0.000000},
		{668, 0.718420, 0.281580, 0.000000},
		{669, 0.718580, 0.281420, 0.000000},
		{670, 0.718732, 0.281268, 0.000000},
		{671, 0.718875, 0.281125, 0.000000},
		{672, 0.719007, 0.280993, 0.000000},
		{673, 0.719128, 0.280872, 0.000000},
		{674, 0.719240, 0.280760, 0.000000},
		{675, 0.719344, 0.280656, 0.000000},
		{676, 0.719440, 0.280560, 0.000000},
		{677, 0.719529, 0.280471, 0.000000},
		{678, 0.719612, 0.280388, 0.000000},
		{679, 0.719689, 0.280311, 0.000000},
		{680, 0.719763, 0.280237, 0.000000},
		{681, 0.719830, 0.280170, 0.000000},
		{682, 0.719888, 0.280112, 0.000000},
		{683, 0.719935, 0.280065, 0.000000},
		{684, 0.719980, 0.280020, 0.000000},
		{685, 0.720016, 0.279984, 0.000000},
		{686, 0.720050, 0.279950, 0.000000},
		{687, 0.720081, 0.279919, 0.000000},
		{688, 0.720107, 0.279893, 0.000000},
		{689, 0.720139, 0.279861, 0.000000},
		{690, 0.720160, 0.279840, 0.000000},
		{691, 0.720194, 0.279806, 0.000000},
		{692, 0.720221, 0.279779, 0.000000},
		{693, 0.720247, 0.279753, 0.000000},
		{694, 0.720275, 0.279725, 0.000000},
		{695, 0.720296, 0.279704, 0.000000},
		{696, 0.720314, 0.279686, 0.000000},
		{697, 0.720331, 0.279669, 0.000000},
		{698, 0.720344, 0.279656, 0.000000},
		{699, 0.720354, 0.279646, 0.000000},
		{700, 0.720358, 0.279642, 0.000000},
		{701, 0.720359, 0.279641, 0.000000},
		{702, 0.720355, 0.279645, 0.000000},
		{703, 0.720348, 0.279652, 0.000000},
		{704, 0.720338, 0.279662, 0.000000},
		{705, 0.720324, 0.279676, 0.000000},
		{706, 0.720308, 0.279692, 0.000000},
		{707, 0.720290, 0.279710, 0.000000},
		{708, 0.720270, 0.279730, 0.000000},
		{709, 0.720248, 0.279752, 0.000000},
		{710, 0.720227, 0.279773, 0.000000},
		{711, 0.720205, 0.279795, 0.000000},
		{712, 0.720178, 0.279822, 0.000000},
		{713, 0.720150, 0.279850, 0.000000},
		{714, 0.720121, 0.279879, 0.000000},
		{715, 0.720090, 0.279910, 0.000000},
		{716, 0.720056, 0.279944, 0.000000},
		{717, 0.720022, 0.279978, 0.000000},
		{718, 0.719987, 0.280013, 0.000000},
		{719, 0.719949, 0.280051, 0.000000},
		{720, 0.719911, 0.280089, 0.000000},
		{721, 0.719871, 0.280129, 0.000000},
		{722, 0.719829, 0.280171, 0.000000},
		{723, 0.719783, 0.280217, 0.000000},
		{724, 0.719739, 0.280261, 0.000000},
		{725, 0.719694, 0.280306, 0.000000},
		{726, 0.719638, 0.280362, 0.000000},
		{727, 0.719598, 0.280402, 0.000000},
		{728, 0.719546, 0.280454, 0.000000},
		{729, 0.719495, 0.280505, 0.000000},
		{730, 0.719447, 0.280553, 0.000000},
		{731, 0.719396, 0.280604, 0.000000},
		{732, 0.719345, 0.280655, 0.000000},
		{733, 0.719293, 0.280707, 0.000000},
		{734, 0.719240, 0.280760, 0.000000},
		{735, 0.719186, 0.280814, 0.000000},
		{736, 0.719131, 0.280869, 0.000000},
		{737, 0.719076, 0.280924, 0.000000},
		{738, 0.719020, 0.280980, 0.000000},
		{739, 0.718963, 0.281037, 0.000000},
		{740, 0.718906, 0.281094, 0.000000},
		{741, 0.718848, 0.281152, 0.000000},
		{742, 0.718789, 0.281211, 0.000000},
		{743, 0.718730, 0.281270, 0.000000},
		{744, 0.718669, 0.281331, 0.000000},
		{745, 0.718609, 0.281391, 0.000000},
		{746, 0.718548, 0.281452, 0.000000},
		{747, 0.718480, 0.281520, 0.000000},
		{748, 0.718422, 0.281578, 0.000000},
		{749, 0.718357, 0.281643, 0.000000},
		{750, 0.718292, 0.281708, 0.000000},
		{751, 0.718228, 0.281772, 0.000000},
		{752, 0.718160, 0.281840, 0.000000},
		{753, 0.718099, 0.281901, 0.000000},
		{754, 0.718028, 0.281972, 0.000000},
		{755, 0.717959, 0.282041, 0.000000},
		{756, 0.717888, 0.282112, 0.000000},
		{757, 0.717821, 0.282179, 0.000000},
		{758, 0.717748, 0.282252, 0.000000},
		{759, 0.717677, 0.282323, 0.000000},
		{760, 0.717607, 0.282393, 0.000000},
		{761, 0.717536, 0.282464, 0.000000},
		{762, 0.717462, 0.282538, 0.000000},
		{763, 0.717391, 0.282609, 0.000000},
		{764, 0.717319, 0.282681, 0.000000},
		{765, 0.717240, 0.282760, 0.000000},
		{766, 0.717159, 0.282841, 0.000000},
		{767, 0.717089, 0.282911, 0.000000},
		{768, 0.717013, 0.282987, 0.000000},
		{769, 0.716936, 0.283064, 0.000000},
		{770, 0.716859, 0.283141, 0.000000},
		{771, 0.716781, 0.283219, 0.000000},
		{772, 0.716703, 0.283297, 0.000000},
		{773, 0.716624, 0.283376, 0.000000},
		{774, 0.716544, 0.283456, 0.000000},
		{775, 0.716464, 0.283536, 0.000000},
		{776, 0.716384, 0.283616, 0.000000},
		{777, 0.716303, 0.283697, 0.000000},
		{778, 0.716221, 0.283779, 0.000000},
		{779, 0.716139, 0.283861, 0.000000},
		{780, 0.716057, 0.283943, 0.000000},
		{781, 0.715974, 0.284026, 0.000000},
		{782, 0.715890, 0.284110, 0.000000},
		{783, 0.715807, 0.284193, 0.000000},
		{784, 0.715722, 0.284278, 0.000000},
		{785, 0.715637, 0.284363, 0.000000},
		{786, 0.715553, 0.284447, 0.000000},
		{787, 0.715466, 0.284534, 0.000000},
		{788, 0.715380, 0.284620, 0.000000},
		{789, 0.715293, 0.284707, 0.000000},
		{790, 0.715208, 0.284792, 0.000000},
		{791, 0.715120, 0.284880, 0.000000},
		{792, 0.715033, 0.284967, 0.000000},
		{793, 0.714948, 0.285052, 0.000000},
		{794, 0.714860, 0.285140, 0.000000},
		{795, 0.714770, 0.285230, 0.000000},
		{796, 0.714683, 0.285317, 0.000000},
		{797, 0.714592, 0.285408, 0.000000},
		{798, 0.714501, 0.285499, 0.000000},
		{799, 0.714418, 0.285582, 0.000000},
		{800, 0.714325, 0.285675, 0.000000},
		{801, 0.714240, 0.285760, 0.000000},
		{802, 0.714145, 0.285855, 0.000000},
		{803, 0.714054, 0.285946, 0.000000},
		{804, 0.713963, 0.286037, 0.000000},
		{805, 0.713872, 0.286128, 0.000000},
		{806, 0.713780, 0.286220, 0.000000},
		{807, 0.713688, 0.286312, 0.000000},
		{808, 0.713596, 0.286404, 0.000000},
		{809, 0.713504, 0.286496, 0.000000},
		{810, 0.713411, 0.286589, 0.000000},
		{811, 0.713319, 0.286681, 0.000000},
		{812, 0.713224, 0.286776, 0.000000},
		{813, 0.713131, 0.286869, 0.000000},
		{814, 0.713038, 0.286962, 0.000000},
		{815, 0.712943, 0.287057, 0.000000},
		{816, 0.712849, 0.287151, 0.000000},
		{817, 0.712759, 0.287241, 0.000000},
		{818, 0.712661, 0.287339, 0.000000},
		{819, 0.712567, 0.287433, 0.000000},
		{820, 0.712471, 0.287529, 0.000000},
		{821, 0.712377, 0.287623, 0.000000},
		{822, 0.712284, 0.287716, 0.000000},
		{823, 0.712187, 0.287813, 0.000000},
		{824, 0.712095, 0.287905, 0.000000},
		{825, 0.711999, 0.288001, 0.000000},
		{826, 0.711903, 0.288097, 0.000000},
		{827, 0.711809, 0.288191, 0.000000},
		{828, 0.711713, 0.288287, 0.000000},
		{829, 0.711619, 0.288381, 0.000000},
		{830, 0.711523, 0.288477, 0.000000},
	
};
struct ChromaticityCoordinates_ST CIE1931_X2_CC=
{
	471,1,CIE1931_X2_CC_DATA	
};

struct ChromaticityCoordinates_ST CIE1964_X10_CC=
{
	471,1,CIE1964_X10_CC_DATA	
};
